version https://git-lfs.github.com/spec/v1
oid sha256:e20180ea90bb9d58a151c247555e9754747d213862630a73ea07f50d730723c9
size 405
